0 0.245875 0.211250 0.021500 0.074833
1 0.301187 0.240917 0.029375 0.072167
2 0.010125 0.506750 0.016500 0.050833
3 0.011250 0.530750 0.022000 0.058167
4 0.015938 0.541167 0.030875 0.039000
5 0.143875 0.483583 0.024000 0.050167
6 0.140063 0.552833 0.235625 0.059333
7 0.255188 0.586000 0.012125 0.034000
8 0.319063 0.531500 0.125875 0.086000
9 0.381000 0.484250 0.016000 0.028833
10 0.794312 0.256000 0.028875 0.039000
10 0.679063 0.437417 0.027125 0.036500
11 0.615250 0.468500 0.028250 0.031000
12 0.617750 0.457000 0.028500 0.040333
13 0.595313 0.472000 0.032875 0.029000
14 0.690625 0.436417 0.011000 0.018500
14 0.798188 0.272083 0.012625 0.015500
15 0.906188 0.214083 0.140375 0.061833
15 0.901125 0.601333 0.122250 0.103667
16 0.984500 0.212417 0.030750 0.048167
16 0.972063 0.634417 0.031875 0.048167
