0 0.244688 0.033250 0.029125 0.059500
1 0.301438 0.067500 0.033125 0.083667
2 0.012250 0.324417 0.014500 0.029833
3 0.013000 0.354750 0.016750 0.056500
4 0.017313 0.368333 0.030125 0.030667
5 0.146375 0.309583 0.018000 0.038833
6 0.142125 0.381750 0.218500 0.064167
7 0.253125 0.414750 0.014500 0.036167
8 0.323313 0.355000 0.136625 0.101667
9 0.375250 0.312833 0.012500 0.030667
10 0.772938 0.095000 0.024625 0.037000
10 0.661813 0.272833 0.027375 0.036333
11 0.600938 0.305583 0.028375 0.035500
12 0.602313 0.292000 0.027875 0.040000
13 0.580937 0.307417 0.032125 0.029500
14 0.774250 0.110333 0.013000 0.017000
14 0.672375 0.271833 0.013000 0.017000
15 0.875375 0.443167 0.123750 0.101333
15 0.881125 0.055500 0.130500 0.055333
16 0.964500 0.057333 0.022000 0.039333
16 0.952125 0.480833 0.022000 0.039333
