0 0.016313 0.187417 0.028875 0.075500
1 0.073875 0.223583 0.034250 0.083500
7 0.024875 0.570250 0.014000 0.036833
8 0.095625 0.510000 0.133500 0.103667
9 0.146875 0.467000 0.011000 0.032667
10 0.434063 0.422583 0.028375 0.036833
10 0.544312 0.241667 0.026375 0.040000
11 0.373375 0.453667 0.028250 0.033333
12 0.374000 0.441250 0.027250 0.039500
13 0.353687 0.457500 0.031625 0.030000
14 0.544750 0.259333 0.013000 0.017000
14 0.445250 0.421167 0.013000 0.017000
15 0.652000 0.201500 0.132500 0.057333
15 0.649188 0.589250 0.126125 0.101833
16 0.735750 0.200500 0.022000 0.039333
16 0.726500 0.624000 0.022000 0.039333
