0 0.017125 0.191083 0.025000 0.063833
1 0.071438 0.223417 0.029625 0.070833
7 0.027125 0.567250 0.016500 0.036167
8 0.096437 0.507000 0.136125 0.099000
9 0.148875 0.464333 0.014000 0.030000
10 0.544312 0.241417 0.024625 0.038167
10 0.434188 0.421167 0.028375 0.035667
11 0.373375 0.454000 0.028250 0.034000
12 0.374625 0.440667 0.027000 0.039000
13 0.353750 0.456250 0.032500 0.028500
14 0.445750 0.422500 0.013000 0.017000
14 0.546375 0.258833 0.013000 0.017000
15 0.649937 0.588083 0.124125 0.099167
15 0.651875 0.201417 0.134500 0.063833
16 0.736625 0.201167 0.022000 0.039333
16 0.727625 0.622167 0.022000 0.039333
