0 0.269062 0.272333 0.039125 0.075000
1 0.325062 0.310000 0.037125 0.077667
2 0.036875 0.574250 0.017500 0.047500
3 0.036625 0.595583 0.021000 0.059500
4 0.040688 0.606667 0.028875 0.033333
5 0.169937 0.553000 0.014625 0.035667
6 0.165250 0.623333 0.214500 0.062667
7 0.274625 0.655833 0.012500 0.031000
8 0.345438 0.597500 0.138875 0.100333
9 0.397250 0.554833 0.010750 0.031000
10 0.684063 0.516333 0.027875 0.036667
10 0.795312 0.338333 0.025125 0.038000
11 0.623250 0.547250 0.028500 0.034833
12 0.624625 0.534833 0.027000 0.038333
13 0.604062 0.550500 0.031125 0.030333
14 0.797125 0.352667 0.013000 0.017000
14 0.694750 0.515667 0.013000 0.017000
15 0.897125 0.686000 0.123750 0.101667
15 0.901750 0.295250 0.131750 0.058500
16 0.986375 0.298167 0.022000 0.039333
16 0.974500 0.720667 0.022000 0.039333
