0 0.196187 0.225917 0.031625 0.070167
1 0.255937 0.265500 0.038625 0.087667
5 0.091063 0.520333 0.013875 0.040000
6 0.100937 0.595583 0.200875 0.058500
7 0.204000 0.629833 0.015000 0.035667
8 0.278125 0.564833 0.143000 0.105000
9 0.332750 0.520000 0.010750 0.031000
10 0.633875 0.477167 0.030000 0.038667
10 0.751125 0.288917 0.026500 0.042833
11 0.570750 0.509750 0.029250 0.034167
12 0.571688 0.496667 0.028875 0.041000
13 0.549000 0.512583 0.035000 0.029500
14 0.752250 0.304667 0.013000 0.017000
14 0.645125 0.475667 0.013000 0.017000
15 0.864812 0.245833 0.138875 0.062333
15 0.858250 0.652667 0.130500 0.107667
16 0.952250 0.245333 0.022000 0.039333
16 0.939750 0.689500 0.022000 0.039333
