0 0.202187 0.234083 0.024875 0.069833
1 0.258813 0.265500 0.031125 0.077667
5 0.097937 0.519083 0.016875 0.038500
6 0.103000 0.593833 0.205500 0.059333
7 0.210687 0.628833 0.014375 0.037667
8 0.284500 0.566500 0.145250 0.104333
9 0.338687 0.519167 0.011375 0.035333
10 0.640875 0.477333 0.029000 0.039000
10 0.757250 0.289833 0.027500 0.042000
11 0.577250 0.510917 0.029750 0.036167
12 0.578375 0.497750 0.028500 0.041167
13 0.556125 0.513667 0.033500 0.029333
14 0.758625 0.307667 0.013000 0.017000
14 0.650875 0.475667 0.013000 0.017000
15 0.870250 0.250833 0.139500 0.076667
15 0.864375 0.652167 0.130750 0.113333
16 0.959625 0.245333 0.022000 0.039333
16 0.946750 0.692333 0.022000 0.039333
