0 0.344000 0.239583 0.025500 0.067167
1 0.401062 0.273500 0.030125 0.075333
2 0.098500 0.545167 0.019250 0.051333
3 0.100187 0.568750 0.020125 0.061833
4 0.105188 0.580167 0.030125 0.033667
5 0.237813 0.522167 0.014375 0.035333
6 0.234625 0.596750 0.223500 0.063500
7 0.350313 0.632333 0.012875 0.032667
8 0.427063 0.569667 0.146125 0.101667
9 0.480250 0.526917 0.015000 0.037500
10 0.897500 0.299833 0.027500 0.041000
10 0.780813 0.486417 0.029875 0.039833
11 0.717313 0.519000 0.029125 0.035667
12 0.718625 0.505917 0.029000 0.041500
13 0.695812 0.521500 0.033875 0.029000
14 0.899000 0.316167 0.013000 0.017000
14 0.792875 0.485500 0.013000 0.017000
