0 0.345562 0.239750 0.021875 0.067167
1 0.401750 0.270583 0.029500 0.073833
2 0.101437 0.544833 0.018375 0.053000
3 0.101000 0.567167 0.021250 0.061333
4 0.106563 0.579833 0.035625 0.034667
5 0.241625 0.522583 0.016500 0.040833
6 0.236125 0.593917 0.227500 0.068167
7 0.352625 0.629417 0.014500 0.037500
8 0.426938 0.566833 0.145125 0.103667
9 0.480750 0.526667 0.012500 0.031333
10 0.781500 0.486500 0.029250 0.038000
10 0.898625 0.299917 0.028000 0.039500
11 0.718250 0.517000 0.028500 0.036667
12 0.719938 0.505333 0.028125 0.041333
13 0.698000 0.520083 0.033500 0.028500
14 0.900250 0.315500 0.013000 0.017000
14 0.793375 0.484333 0.013000 0.017000
