0 0.337313 0.482417 0.025875 0.068833
1 0.395500 0.514833 0.032500 0.075333
2 0.093812 0.787667 0.022125 0.052333
3 0.093375 0.809667 0.026250 0.063000
4 0.096687 0.821333 0.034625 0.039000
5 0.233750 0.764583 0.018000 0.036167
6 0.227750 0.839250 0.224750 0.068500
7 0.343875 0.877583 0.011500 0.034500
8 0.418687 0.815083 0.143625 0.107167
9 0.474625 0.769333 0.012500 0.033333
10 0.776312 0.728000 0.029375 0.037333
10 0.894000 0.541000 0.027000 0.040333
11 0.712750 0.761250 0.029000 0.037833
12 0.713125 0.747417 0.029250 0.040500
13 0.691250 0.763167 0.033750 0.028000
14 0.786625 0.725833 0.013000 0.017000
14 0.893625 0.556500 0.013000 0.017000
