0 0.339750 0.482000 0.024000 0.071333
1 0.395875 0.514500 0.033250 0.080000
2 0.094250 0.778083 0.018750 0.034833
3 0.094187 0.808000 0.019625 0.063000
4 0.099187 0.821417 0.032875 0.036500
5 0.232500 0.763083 0.015000 0.034500
6 0.229500 0.836583 0.224750 0.068500
7 0.345562 0.873500 0.014125 0.034000
8 0.420812 0.810833 0.143625 0.104333
9 0.475562 0.767417 0.012875 0.032833
10 0.893312 0.538583 0.026375 0.042500
10 0.776750 0.725583 0.029000 0.038500
11 0.712625 0.758000 0.029750 0.035333
12 0.713750 0.745750 0.029000 0.041167
13 0.691750 0.761917 0.034250 0.030167
14 0.788250 0.723833 0.013000 0.017000
14 0.894375 0.555000 0.013000 0.017000
