0 0.247000 0.212167 0.022500 0.074667
1 0.305437 0.243500 0.029125 0.078000
2 0.011125 0.511083 0.015000 0.047833
3 0.011562 0.534667 0.019875 0.057667
4 0.015125 0.544417 0.030250 0.039833
5 0.147500 0.484083 0.019250 0.038500
6 0.142375 0.554667 0.221250 0.058333
7 0.257375 0.587667 0.014250 0.035000
8 0.330188 0.527417 0.144625 0.097167
9 0.384000 0.485833 0.010750 0.033333
10 0.681625 0.440167 0.027250 0.035333
10 0.797188 0.259167 0.025625 0.038000
11 0.618188 0.472667 0.028375 0.033333
12 0.620062 0.459083 0.028375 0.040167
13 0.597562 0.475083 0.032375 0.028833
14 0.692375 0.439833 0.013000 0.017000
14 0.800750 0.275667 0.013000 0.017000
15 0.901375 0.604750 0.127500 0.106833
15 0.911438 0.214167 0.140125 0.072333
16 0.989750 0.214833 0.020250 0.039333
16 0.979750 0.638000 0.022000 0.039333
