1 0.032625 0.520500 0.032500 0.076667
8 0.066187 0.812500 0.130625 0.097000
9 0.114312 0.770250 0.013375 0.029500
10 0.414062 0.724250 0.029375 0.039167
10 0.530312 0.536250 0.027125 0.040833
11 0.351062 0.757083 0.029875 0.033500
12 0.352500 0.745500 0.028250 0.041333
13 0.330375 0.761833 0.033000 0.029333
14 0.531875 0.552167 0.013000 0.017000
14 0.426375 0.723333 0.013000 0.017000
15 0.641125 0.897417 0.130750 0.104167
15 0.642625 0.488500 0.138000 0.062667
16 0.731500 0.488667 0.022000 0.039333
16 0.723375 0.931333 0.022000 0.039333
