0 0.250437 0.334583 0.027125 0.066833
1 0.309937 0.368167 0.033625 0.079000
2 0.013813 0.636500 0.018125 0.048333
3 0.014438 0.660000 0.024375 0.058000
4 0.018750 0.669500 0.033000 0.042000
5 0.150000 0.612750 0.015250 0.036833
6 0.145500 0.682917 0.220500 0.061167
7 0.260813 0.716500 0.018625 0.036333
8 0.332875 0.655833 0.143500 0.100000
9 0.387313 0.612833 0.018125 0.034333
10 0.801438 0.386167 0.026625 0.037000
10 0.684813 0.567750 0.028875 0.035833
11 0.621250 0.599667 0.030000 0.033333
12 0.622750 0.586250 0.029000 0.040500
13 0.601500 0.602417 0.033750 0.029500
14 0.804625 0.403500 0.013000 0.017000
14 0.697250 0.567333 0.013000 0.017000
15 0.915312 0.341917 0.136375 0.062833
15 0.905188 0.731500 0.127625 0.100333
16 0.984750 0.765500 0.022000 0.039333
16 0.990500 0.339167 0.018750 0.039333
