0 0.151562 0.211583 0.028125 0.068833
1 0.208000 0.244333 0.029500 0.077000
5 0.052500 0.489750 0.016250 0.038167
6 0.080875 0.567417 0.159250 0.048500
7 0.164187 0.589833 0.012875 0.034333
8 0.236937 0.529917 0.141125 0.098167
9 0.289062 0.489417 0.012875 0.031167
10 0.584500 0.437167 0.028750 0.038333
10 0.703500 0.254583 0.027000 0.037500
11 0.524000 0.471083 0.028000 0.034167
12 0.525188 0.457417 0.027875 0.040833
13 0.503188 0.473333 0.032875 0.029000
14 0.598375 0.435000 0.013000 0.017000
14 0.705625 0.272667 0.013000 0.017000
15 0.809063 0.598583 0.128375 0.103833
15 0.816250 0.208917 0.138750 0.065500
16 0.903875 0.210167 0.022000 0.039333
16 0.887875 0.632667 0.022000 0.039333
