0 0.280500 0.205417 0.028000 0.061833
1 0.340875 0.243417 0.035500 0.082500
2 0.042250 0.512750 0.018500 0.049167
3 0.041250 0.534500 0.018500 0.055667
4 0.047625 0.542250 0.032750 0.039500
5 0.180188 0.488083 0.017125 0.038833
6 0.174000 0.558583 0.225750 0.061167
7 0.289500 0.589917 0.013750 0.037167
8 0.362438 0.532167 0.144375 0.102667
9 0.416563 0.489667 0.011375 0.034333
10 0.711500 0.443167 0.026750 0.037000
10 0.830000 0.262333 0.028500 0.039667
11 0.651062 0.475917 0.028375 0.033167
12 0.651875 0.462500 0.028500 0.041333
13 0.630375 0.477833 0.033250 0.029000
14 0.725000 0.442833 0.013000 0.017000
14 0.833500 0.279000 0.013000 0.017000
15 0.933125 0.607417 0.127250 0.108833
15 0.937750 0.220583 0.124000 0.063500
