0 0.243188 0.158417 0.021375 0.063500
1 0.297812 0.189083 0.028375 0.072500
2 0.015312 0.449917 0.018375 0.048833
3 0.016375 0.471000 0.024750 0.055667
4 0.019125 0.482917 0.030500 0.032833
5 0.145063 0.424333 0.011875 0.033667
6 0.142687 0.497583 0.212875 0.060500
7 0.253125 0.532083 0.015750 0.032500
8 0.321813 0.471250 0.133875 0.099500
9 0.374875 0.428083 0.014250 0.032500
10 0.659438 0.389250 0.029625 0.034833
10 0.769938 0.211000 0.024375 0.038333
11 0.600000 0.420250 0.025500 0.034833
12 0.600688 0.407333 0.026875 0.038333
13 0.579875 0.423333 0.031250 0.028667
14 0.771875 0.228500 0.013000 0.017000
14 0.671000 0.388500 0.013000 0.017000
15 0.872437 0.555167 0.124125 0.105333
15 0.877500 0.169750 0.134000 0.058833
16 0.950000 0.591667 0.022000 0.039333
16 0.960125 0.170667 0.022000 0.039333
