0 0.243312 0.154750 0.022125 0.058833
1 0.296500 0.187667 0.029500 0.072667
2 0.012625 0.449417 0.014000 0.049500
3 0.011375 0.470500 0.016500 0.057667
4 0.017812 0.483917 0.029875 0.029167
5 0.143000 0.427833 0.016500 0.041333
6 0.137375 0.497500 0.215750 0.065667
7 0.250188 0.529500 0.011625 0.032333
8 0.319875 0.469000 0.136750 0.102000
9 0.372750 0.427417 0.013750 0.030500
10 0.658500 0.388833 0.028500 0.037333
10 0.769375 0.210500 0.025250 0.038333
11 0.598375 0.417833 0.027000 0.032667
12 0.599187 0.406917 0.026875 0.038833
13 0.577937 0.422083 0.032375 0.028833
14 0.772000 0.227000 0.013000 0.017000
14 0.669500 0.387167 0.013000 0.017000
15 0.876500 0.172333 0.130750 0.061000
15 0.872812 0.556250 0.123125 0.102833
16 0.948000 0.591667 0.022000 0.039333
16 0.959500 0.170333 0.022000 0.039333
