0 0.243562 0.158417 0.020875 0.065833
1 0.298438 0.189333 0.030375 0.074000
2 0.012688 0.441250 0.017375 0.033833
3 0.011625 0.470250 0.018000 0.056167
4 0.017875 0.483583 0.029500 0.029500
5 0.146437 0.423583 0.016625 0.030500
6 0.142437 0.497000 0.213375 0.065000
7 0.251625 0.528583 0.014750 0.037500
8 0.321813 0.468250 0.134875 0.098167
9 0.373437 0.428083 0.012375 0.030500
10 0.659563 0.390583 0.027125 0.041167
10 0.770312 0.210667 0.023875 0.038667
11 0.599000 0.419500 0.026500 0.033333
12 0.599875 0.406833 0.027250 0.039000
13 0.579125 0.422583 0.031000 0.028167
14 0.670625 0.388833 0.013000 0.017000
14 0.771375 0.226833 0.013000 0.017000
15 0.873250 0.554917 0.123000 0.106500
15 0.877750 0.167750 0.132250 0.054500
16 0.959625 0.171167 0.022000 0.039333
16 0.949375 0.592833 0.022000 0.039333
