0 0.245438 0.035583 0.032125 0.062167
1 0.300687 0.070167 0.035125 0.085667
2 0.013688 0.328167 0.017625 0.031667
3 0.014937 0.355667 0.024125 0.058000
4 0.017687 0.367500 0.034125 0.032667
5 0.145750 0.310750 0.016000 0.038167
6 0.141250 0.381250 0.216000 0.060167
7 0.252937 0.416750 0.012875 0.034833
8 0.322562 0.356000 0.137125 0.099667
9 0.374000 0.313167 0.013000 0.032667
10 0.661188 0.273833 0.028125 0.037667
10 0.772125 0.097250 0.025750 0.038833
11 0.600750 0.304750 0.028000 0.031833
12 0.602000 0.293500 0.027500 0.039333
13 0.581125 0.308167 0.032000 0.027333
14 0.774375 0.113000 0.013000 0.017000
14 0.672625 0.274500 0.013000 0.017000
15 0.874812 0.445333 0.125125 0.100000
15 0.880625 0.057750 0.131750 0.059167
16 0.951750 0.481333 0.022000 0.039333
16 0.963750 0.056667 0.022000 0.039333
